15
1001 0.5 1 192.0 20.0 1.0 0.0 0.30 2001 3001 1001 Block-19
1002 0.5 1 192.0 20.0 1.0 0.0 0.30 2001 3001 1002 Sag-P369
1003 1.5 1 192.0 20.0 1.0 0.0 0.20 2001 3001 1003 Blakka-9
1004 1.5 1 192.0 50.0 1.0 0.0 0.5 2001 3001 1004 Smalltown
1101 1.5 1 192.0 30.0 1.0 0.0 0.2 2002 3002 1101 Krako
1102 2.5 1 192.0 30.0 1.0 0.0 0.15 2002 3002 1102 Warmalite-15
1103 3 1 192.0 40.0 1.0 0.0 0.15 2002 3002 1103 Butterweasel
1104 1.5 1 192.0 45.0 1.0 0.0 0.2 2002 3002 1104 Kraknikov-74
1105 3 1 192.0 55.0 1.0 0.0 0.2 2002 3002 1105 Kraknikov-Tactical
1106 3 1 192.0 50.0 1.0 0.0 0.15 2002 3002 1106 Warmalite-Tactical
1201 2.5 1 192.0 20.0 1.0 0.0 0.10 2001 3001 1201 Spec-5
1301 1.5 5 192.0 25.0 1.0 1.05 0.75 2003 3003 1301 Shrapgun-Sawed
1302 1.5 5 192.0 25.0 1.0 0.785 0.75 2003 3003 1302 Shrapgun
1303 2.5 5 192.0 35.0 1.0 0.785 0.5 2003 3003 1303 Pumpgun
1401 3.5 1 192.0 100.0 1.0 0.0 1.0 2002 3002 1401 Bolter-Vintage